32   1   285444.089006376193   285444.089006376193   2854440.890063761930
64   1   295480.853552929031   295480.853552929031   2954808.535529290310
128   1   300041.8796365109045   300041.8796365109045   3000418.7963651090450
256   1   276858.1470293648516   276858.1470293648516   2768581.4702936485160
512   1   258251.183298917705   258251.183298917705   2582511.832989177050
32   10   275793.736940785364   2757937.369407853640   27579373.694078536400
64   10   284318.721819689772   2843187.218196897720   28431872.181968977200
128   10   291276.875714642300   2912768.757146423000   29127687.571464230000
256   10   259068.16671163291914   2590681.66711632919140   25906816.67116329191400
512   10   243456.0734462612764   2434560.7344626127640   24345607.3446261276400
32   50   209232.817891659621   10461640.894582981050   104616408.945829810500
64   50   221851.858144826562   11092592.907241328100   110925929.072413281000
128   50   221771.416698489246   11088570.834924462300   110885708.349244623000
256   50   203591.368909179172   10179568.445458958600   101795684.454589586000
512   50   202008.822893287531   10100441.144664376550   101004411.446643765500
32   100   160834.025087249975   16083402.508724997500   160834025.087249975000
64   100   170134.325751692524   17013432.575169252400   170134325.751692524000
128   100   173706.925749188381   17370692.574918838100   173706925.749188381000
256   100   162424.165806695097   16242416.580669509700   162424165.806695097000
512   100   152004.5929823922951   15200459.2982392295100   152004592.9823922951000
