32   1   196425.792253672042   196425.792253672042   19642579.225367204200
64   1   203656.576993591647   203656.576993591647   20365657.699359164700
128   1   201062.514149129664   201062.514149129664   20106251.414912966400
256   1   196343.277845483880   196343.277845483880   19634327.784548388000
512   1   177303.9429313970229   177303.9429313970229   17730394.2931397022900
32   10   159433.234515466754   1594332.345154667540   159433234.515466754000
64   10   162229.384500714994   1622293.845007149940   162229384.500714994000
128   10   164631.686350661361   1646316.863506613610   164631686.350661361000
256   10   151020.078096621707   1510200.780966217070   151020078.096621707000
512   10   147148.53072527852952   1471485.30725278529520   147148530.72527852952000
32   50   80647.9871066884215   4032399.3553344210750   403239935.5334421075000
64   50   82575.5181099811435   4128775.9054990571750   412877590.5499057175000
128   50   80313.2254428700820   4015661.2721435041000   401566127.2143504100000
256   50   80980.6972892296860   4049034.8644614843000   404903486.4461484300000
512   50   76991.32951750176145   3849566.47587508807250   384956647.58750880725000
32   100   48908.2005040747726   4890820.0504074772600   489082005.0407477260000
64   100   48668.7995091583600   4866879.9509158360000   486687995.0915836000000
128   100   48838.6742528801822   4883867.4252880182200   488386742.5288018220000
256   100   46820.6060702209275   4682060.6070220927500   468206060.7022092750000
512   100   40349.8175394094811   4034981.7539409481100   403498175.3940948110000
