64   1   207718.847427345387   207718.847427345387   2077188.474273453870
256   1   188832.452576204832   188832.452576204832   1888324.525762048320
512   1   188073.594769986286   188073.594769986286   1880735.947699862860
64   10   202780.701455513041   2027807.014555130410   20278070.145551304100
128   10   197539.070221708603   1975390.702217086030   19753907.022170860300
256   10   187721.732315917757   1877217.323159177570   18772173.231591775700
512   10   188121.544661534376   1881215.446615343760   18812154.466153437600
32   50   153429.571744901224   7671478.587245061200   76714785.872450612000
64   50   157404.651025493109   7870232.551274655450   78702325.512746554500
128   50   151819.557546505304   7590977.877325265200   75909778.773252652000
256   50   150143.895087208271   7507194.754360413550   75071947.543604135500
512   50   140921.270285193363   7046063.514259668150   70460635.142596681500
32   100   116017.449745533755   11601744.974553375500   116017449.745533755000
64   100   116189.313990258306   11618931.399025830600   116189313.990258306000
128   100   115638.282620667902   11563828.262066790200   115638282.620667902000
256   100   116052.473269324164   11605247.326932416400   116052473.269324164000
512   100   109822.3189779863835   10982231.8977986383500   109822318.9779863835000
32   1   189841.418236400061   189841.418236400061   1898414.182364000610
32   10   185388.966073099091   1853889.660730990910   18538896.607309909100
128   1   197305.123022417757   197305.123022417757   1973051.230224177570
