64   10   5468.1837671835277   5468183.7671835277000   546818376.7183527700000
128   10   5376.60895219978385   5376608.95219978385000   537660895.21997838500000
256   10   5136.19049515135588   5136190.49515135588000   513619049.51513558800000
32   20   2742.38442869001644   5484768.85738003288000   548476885.73800328800000
128   20   2666.52449291123944   5333048.98582247888000   533304898.58224788800000
256   20   2566.00466855190327   5132009.33710380654000   513200933.71038065400000
32   50   1089.86389836329537   5449319.49181647685000   544931949.18164768500000
64   50   1066.52879577389860   5332643.97886949300000   533264397.88694930000000
128   50   1036.58992054042333   5182949.60270211665000   518294960.27021166500000
256   50   891.62481533669190   4458124.07668345950000   445812407.66834595000000
32   100   537.015425689586410   5370154.256895864100000   537015425.689586410000000
64   100   529.024423579379256   5290244.235793792560000   529024423.579379256000000
256   100   237.681177201076192   2376811.772010761920000   237681177.201076192000000
32   10   5492.1651690404283   5492165.1690404283000   549216516.9040428300000
128   100   499.345533773094981   4993455.337730949810000   499345533.773094981000000
64   20   2739.52308524461563   5479046.17048923126000   547904617.04892312600000
