64   1   206283.897389992908   206283.897389992908   20628389.738999290800
128   1   208657.739946861048   208657.739946861048   20865773.994686104800
512   1   187919.5240170031573   187919.5240170031573   18791952.4017003157300
64   10   162931.338906251039   1629313.389062510390   162931338.906251039000
128   10   166057.594530052501   1660575.945300525010   166057594.530052501000
256   10   150774.400713712638   1507744.007137126380   150774400.713712638000
512   10   157096.2353445882166   1570962.3534458821660   157096235.3445882166000
64   50   81838.5950228195205   4091929.7511409760250   409192975.1140976025000
128   50   82517.8555182012475   4125892.7759100623750   412589277.5910062375000
256   50   77364.811916957658   3868240.595847882900   386824059.584788290000
128   100   48261.5345039115685   4826153.4503911568500   482615345.0391156850000
256   100   45195.3896393173425   4519538.9639317342500   451953896.3931734250000
512   100   45252.0514209914283   4525205.1420991428300   452520514.2099142830000
256   1   193070.922564636352   193070.922564636352   19307092.256463635200
512   50   75733.392673004594   3786669.633650229700   378666963.365022970000
64   100   48610.8501292652410   4861085.0129265241000   486108501.2926524100000
32   1   193730.122559171426   193730.122559171426   19373012.255917142600
32   10   155716.045340570669   1557160.453405706690   155716045.340570669000
32   50   78567.3026299812700   3928365.1314990635000   392836513.1499063500000
32   100   46526.7647554603345   4652676.4755460334500   465267647.5546033450000
