32   1   272157.568697622249   272157.568697622249   27215756.869762224900
64   1   289383.214512640244   289383.214512640244   28938321.451264024400
128   1   288460.941460070118   288460.941460070118   28846094.146007011800
256   1   268111.580733569814   268111.580733569814   26811158.073356981400
512   1   249348.7133343579045   249348.7133343579045   24934871.3334357904500
32   10   206058.935376292322   2060589.353762923220   206058935.376292322000
32   10   214183.791896964645   2141837.918969646450   214183791.896964645000
64   10   218690.953932893210   2186909.539328932100   218690953.932893210000
128   10   234066.845797349249   2340668.457973492490   234066845.797349249000
256   10   224287.248414897712   2242872.484148977120   224287248.414897712000
512   10   203617.8581012755736   2036178.5810127557360   203617858.1012755736000
32   50   109377.386765330771   5468869.338266538550   546886933.826653855000
64   50   111559.589613243933   5577979.480662196650   557797948.066219665000
128   50   112810.5337239602065   5640526.6861980103250   564052668.6198010325000
256   50   110392.6922345034286   5519634.6117251714300   551963461.1725171430000
512   50   98759.40238361222265   4937970.11918061113250   493797011.91806111325000
32   100   61457.4289855872869   6145742.8985587286900   614574289.8558728690000
64   100   61255.6895042670743   6125568.9504267074300   612556895.0426707430000
128   100   63922.0214097694313   6392202.1409769431300   639220214.0976943130000
256   100   61725.9921435549605   6172599.2143554960500   617259921.4355496050000
512   100   56560.0771801163694   5656007.7180116369400   565600771.8011636940000
