32   10   7917.7792724132498   7917779.2724132498000   791777927.2413249800000
64   10   7839.00475212863068   7839004.75212863068000   783900475.21286306800000
256   10   7085.80354145659444   7085803.54145659444000   708580354.14565944400000
32   20   3954.21339314361109   7908426.78628722218000   790842678.62872221800000
128   20   3810.22020617841689   7620440.41235683378000   762044041.23568337800000
256   20   3467.30835894521129   6934616.71789042258000   693461671.78904225800000
32   50   1553.81307457712441   7769065.37288562205000   776906537.28856220500000
64   50   1549.67264347665874   7748363.21738329370000   774836321.73832937000000
128   50   1475.76078076971797   7378803.90384858985000   737880390.38485898500000
256   50   659.080101352744639   3295400.506763723195000   329540050.676372319500000
32   100   770.034933799594692   7700349.337995946920000   770034933.799594692000000
64   100   758.096370028425473   7580963.700284254730000   758096370.028425473000000
128   100   708.834323458937155   7088343.234589371550000   708834323.458937155000000
256   100   337.372497240825378   3373724.972408253780000   337372497.240825378000000
