32   1   105129.774777403501   105129.774777403501   1051297.747774035010
64   1   109788.848540329919   109788.848540329919   1097888.485403299190
128   1   113094.436534891204   113094.436534891204   1130944.365348912040
256   1   100145.167160151811   100145.167160151811   1001451.671601518110
512   1   104451.737303526605   104451.737303526605   1044517.373035266050
32   10   98871.695709073654   988716.957090736540   9887169.570907365400
64   10   103496.398467483462   1034963.984674834620   10349639.846748346200
128   10   98647.223834025165   986472.238340251650   9864722.383402516500
256   10   101154.991924574018   1011549.919245740180   10115499.192457401800
512   10   93819.160218154961   938191.602181549610   9381916.021815496100
32   50   82491.030464488059   4124551.523224402950   41245515.232244029500
64   50   85837.045448281726   4291852.272414086300   42918522.724140863000
128   50   85887.375282298781   4294368.764114939050   42943687.641149390500
256   50   76486.418872781797   3824320.943639089850   38243209.436390898500
512   50   75263.062427362615   3763153.121368130750   37631531.213681307500
32   100   69281.500243290396   6928150.024329039600   69281500.243290396000
64   100   68660.079783436222   6866007.978343622200   68660079.783436222000
128   100   66457.558967609759   6645755.896760975900   66457558.967609759000
256   100   60326.437062069037   6032643.706206903700   60326437.062069037000
512   100   55203.580835621820   5520358.083562182000   55203580.835621820000
