32   1   101745.650360872839   101745.650360872839   10174565.036087283900
64   1   104376.617989493625   104376.617989493625   10437661.798949362500
128   1   104563.136905100074   104563.136905100074   10456313.690510007400
256   1   95120.807879648217   95120.807879648217   9512080.787964821700
512   1   94397.804411422707   94397.804411422707   9439780.441142270700
32   10   86714.639296159918   867146.392961599180   86714639.296159918000
64   10   82957.258433794631   829572.584337946310   82957258.433794631000
128   10   90174.726519793113   901747.265197931130   90174726.519793113000
256   10   84665.275973701628   846652.759737016280   84665275.973701628000
512   10   71733.387110552809   717333.871105528090   71733387.110552809000
32   50   43314.118020403593   2165705.901020179650   216570590.102017965000
64   50   47765.991513325484   2388299.575666274200   238829957.566627420000
128   50   45965.627010059637   2298281.350502981850   229828135.050298185000
256   50   45965.526181531101   2298276.309076555050   229827630.907655505000
512   50   47156.718256708961   2357835.912835448050   235783591.283544805000
32   100   27392.490489588779   2739249.048958877900   273924904.895887790000
64   100   27339.900257809459   2733990.025780945900   273399002.578094590000
128   100   27095.6956223625455   2709569.5622362545500   270956956.2236254550000
256   100   25678.2534648984805   2567825.3464898480500   256782534.6489848050000
512   100   19481.7011874623123   1948170.1187462312300   194817011.8746231230000
