32   10   3020.9185226863714   3020918.5226863714000   302091852.2686371400000
64   10   3026.7680669091577   3026768.0669091577000   302676806.6909157700000
128   10   2848.8863104249849   2848886.3104249849000   284888631.0424984900000
256   10   2864.0504022463857   2864050.4022463857000   286405040.2246385700000
32   20   1515.47864636514009   3030957.29273028018000   303095729.27302801800000
64   20   1500.03130350998473   3000062.60701996946000   300006260.70199694600000
128   20   1486.06146807987930   2972122.93615975860000   297212293.61597586000000
256   20   1214.08948642965300   2428178.97285930600000   242817897.28593060000000
32   50   603.78913971078685   3018945.69855393425000   301894569.85539342500000
32   50   603.51980906697004   3017599.04533485020000   301759904.53348502000000
64   50   550.92461049817251   2754623.05249086255000   275462305.24908625500000
128   50   540.51498981340325   2702574.94906701625000   270257494.90670162500000
256   50   362.14312202074103   1810715.61010370515000   181071561.01037051500000
32   100   296.619913979045414   2966199.139790454140000   296619913.979045414000000
64   100   291.632098308832373   2916320.983088323730000   291632098.308832373000000
128   100   273.49186344213995   2734918.63442139950000   273491863.44213995000000
256   100   112.563386280210600   1125633.862802106000000   112563386.280210600000000
